X_poly =

  -33.31800    0.00000    0.00000    0.00000    0.00000    0.00000    0.00000    0.00000
  -37.91216    0.00000    0.00000    0.00000    0.00000    0.00000    0.00000    0.00000
  -51.20694    0.00000    0.00000    0.00000    0.00000    0.00000    0.00000    0.00000
   -6.13260    0.00000    0.00000    0.00000    0.00000    0.00000    0.00000    0.00000
   21.26118    0.00000    0.00000    0.00000    0.00000    0.00000    0.00000    0.00000
  -40.31953    0.00000    0.00000    0.00000    0.00000    0.00000    0.00000    0.00000
  -14.54153    0.00000    0.00000    0.00000    0.00000    0.00000    0.00000    0.00000
   32.55976    0.00000    0.00000    0.00000    0.00000    0.00000    0.00000    0.00000
   13.39343    0.00000    0.00000    0.00000    0.00000    0.00000    0.00000    0.00000
   44.20989    0.00000    0.00000    0.00000    0.00000    0.00000    0.00000    0.00000
   -1.14268    0.00000    0.00000    0.00000    0.00000    0.00000    0.00000    0.00000
  -12.76686    0.00000    0.00000    0.00000    0.00000    0.00000    0.00000    0.00000
   34.05451    0.00000    0.00000    0.00000    0.00000    0.00000    0.00000    0.00000
   39.22350    0.00000    0.00000    0.00000    0.00000    0.00000    0.00000    0.00000
    1.97450    0.00000    0.00000    0.00000    0.00000    0.00000    0.00000    0.00000
   29.62176    0.00000    0.00000    0.00000    0.00000    0.00000    0.00000    0.00000
  -23.66963    0.00000    0.00000    0.00000    0.00000    0.00000    0.00000    0.00000
   -9.01180    0.00000    0.00000    0.00000    0.00000    0.00000    0.00000    0.00000
  -55.94057    0.00000    0.00000    0.00000    0.00000    0.00000    0.00000    0.00000
  -35.70860    0.00000    0.00000    0.00000    0.00000    0.00000    0.00000    0.00000
    9.51021    0.00000    0.00000    0.00000    0.00000    0.00000    0.00000    0.00000

X_poly =

  -3.3318e+01   1.1101e+03   0.0000e+00   0.0000e+00   0.0000e+00   0.0000e+00   0.0000e+00   0.0000e+00
  -3.7912e+01   1.4373e+03   0.0000e+00   0.0000e+00   0.0000e+00   0.0000e+00   0.0000e+00   0.0000e+00
  -5.1207e+01   2.6222e+03   0.0000e+00   0.0000e+00   0.0000e+00   0.0000e+00   0.0000e+00   0.0000e+00
  -6.1326e+00   3.7609e+01   0.0000e+00   0.0000e+00   0.0000e+00   0.0000e+00   0.0000e+00   0.0000e+00
   2.1261e+01   4.5204e+02   0.0000e+00   0.0000e+00   0.0000e+00   0.0000e+00   0.0000e+00   0.0000e+00
  -4.0320e+01   1.6257e+03   0.0000e+00   0.0000e+00   0.0000e+00   0.0000e+00   0.0000e+00   0.0000e+00
  -1.4542e+01   2.1146e+02   0.0000e+00   0.0000e+00   0.0000e+00   0.0000e+00   0.0000e+00   0.0000e+00
   3.2560e+01   1.0601e+03   0.0000e+00   0.0000e+00   0.0000e+00   0.0000e+00   0.0000e+00   0.0000e+00
   1.3393e+01   1.7938e+02   0.0000e+00   0.0000e+00   0.0000e+00   0.0000e+00   0.0000e+00   0.0000e+00
   4.4210e+01   1.9545e+03   0.0000e+00   0.0000e+00   0.0000e+00   0.0000e+00   0.0000e+00   0.0000e+00
  -1.1427e+00   1.3057e+00   0.0000e+00   0.0000e+00   0.0000e+00   0.0000e+00   0.0000e+00   0.0000e+00
  -1.2767e+01   1.6299e+02   0.0000e+00   0.0000e+00   0.0000e+00   0.0000e+00   0.0000e+00   0.0000e+00
   3.4055e+01   1.1597e+03   0.0000e+00   0.0000e+00   0.0000e+00   0.0000e+00   0.0000e+00   0.0000e+00
   3.9224e+01   1.5385e+03   0.0000e+00   0.0000e+00   0.0000e+00   0.0000e+00   0.0000e+00   0.0000e+00
   1.9745e+00   3.8986e+00   0.0000e+00   0.0000e+00   0.0000e+00   0.0000e+00   0.0000e+00   0.0000e+00
   2.9622e+01   8.7745e+02   0.0000e+00   0.0000e+00   0.0000e+00   0.0000e+00   0.0000e+00   0.0000e+00
  -2.3670e+01   5.6025e+02   0.0000e+00   0.0000e+00   0.0000e+00   0.0000e+00   0.0000e+00   0.0000e+00
  -9.0118e+00   8.1213e+01   0.0000e+00   0.0000e+00   0.0000e+00   0.0000e+00   0.0000e+00   0.0000e+00
  -5.5941e+01   3.1293e+03   0.0000e+00   0.0000e+00   0.0000e+00   0.0000e+00   0.0000e+00   0.0000e+00
  -3.5709e+01   1.2751e+03   0.0000e+00   0.0000e+00   0.0000e+00   0.0000e+00   0.0000e+00   0.0000e+00
   9.5102e+00   9.0444e+01   0.0000e+00   0.0000e+00   0.0000e+00   0.0000e+00   0.0000e+00   0.0000e+00

X_poly =

  -3.3318e+01   1.1101e+03  -3.6986e+04   0.0000e+00   0.0000e+00   0.0000e+00   0.0000e+00   0.0000e+00
  -3.7912e+01   1.4373e+03  -5.4492e+04   0.0000e+00   0.0000e+00   0.0000e+00   0.0000e+00   0.0000e+00
  -5.1207e+01   2.6222e+03  -1.3427e+05   0.0000e+00   0.0000e+00   0.0000e+00   0.0000e+00   0.0000e+00
  -6.1326e+00   3.7609e+01  -2.3064e+02   0.0000e+00   0.0000e+00   0.0000e+00   0.0000e+00   0.0000e+00
   2.1261e+01   4.5204e+02   9.6109e+03   0.0000e+00   0.0000e+00   0.0000e+00   0.0000e+00   0.0000e+00
  -4.0320e+01   1.6257e+03  -6.5546e+04   0.0000e+00   0.0000e+00   0.0000e+00   0.0000e+00   0.0000e+00
  -1.4542e+01   2.1146e+02  -3.0749e+03   0.0000e+00   0.0000e+00   0.0000e+00   0.0000e+00   0.0000e+00
   3.2560e+01   1.0601e+03   3.4518e+04   0.0000e+00   0.0000e+00   0.0000e+00   0.0000e+00   0.0000e+00
   1.3393e+01   1.7938e+02   2.4026e+03   0.0000e+00   0.0000e+00   0.0000e+00   0.0000e+00   0.0000e+00
   4.4210e+01   1.9545e+03   8.6409e+04   0.0000e+00   0.0000e+00   0.0000e+00   0.0000e+00   0.0000e+00
  -1.1427e+00   1.3057e+00  -1.4920e+00   0.0000e+00   0.0000e+00   0.0000e+00   0.0000e+00   0.0000e+00
  -1.2767e+01   1.6299e+02  -2.0809e+03   0.0000e+00   0.0000e+00   0.0000e+00   0.0000e+00   0.0000e+00
   3.4055e+01   1.1597e+03   3.9493e+04   0.0000e+00   0.0000e+00   0.0000e+00   0.0000e+00   0.0000e+00
   3.9224e+01   1.5385e+03   6.0345e+04   0.0000e+00   0.0000e+00   0.0000e+00   0.0000e+00   0.0000e+00
   1.9745e+00   3.8986e+00   7.6978e+00   0.0000e+00   0.0000e+00   0.0000e+00   0.0000e+00   0.0000e+00
   2.9622e+01   8.7745e+02   2.5992e+04   0.0000e+00   0.0000e+00   0.0000e+00   0.0000e+00   0.0000e+00
  -2.3670e+01   5.6025e+02  -1.3261e+04   0.0000e+00   0.0000e+00   0.0000e+00   0.0000e+00   0.0000e+00
  -9.0118e+00   8.1213e+01  -7.3187e+02   0.0000e+00   0.0000e+00   0.0000e+00   0.0000e+00   0.0000e+00
  -5.5941e+01   3.1293e+03  -1.7506e+05   0.0000e+00   0.0000e+00   0.0000e+00   0.0000e+00   0.0000e+00
  -3.5709e+01   1.2751e+03  -4.5532e+04   0.0000e+00   0.0000e+00   0.0000e+00   0.0000e+00   0.0000e+00
   9.5102e+00   9.0444e+01   8.6014e+02   0.0000e+00   0.0000e+00   0.0000e+00   0.0000e+00   0.0000e+00

