X_poly =

  -16.74654    0.00000    0.00000    0.00000    0.00000    0.00000    0.00000    0.00000
  -14.57747    0.00000    0.00000    0.00000    0.00000    0.00000    0.00000    0.00000
   34.51576    0.00000    0.00000    0.00000    0.00000    0.00000    0.00000    0.00000
  -47.01008    0.00000    0.00000    0.00000    0.00000    0.00000    0.00000    0.00000
   36.97512    0.00000    0.00000    0.00000    0.00000    0.00000    0.00000    0.00000
  -40.68611    0.00000    0.00000    0.00000    0.00000    0.00000    0.00000    0.00000
   -4.47201    0.00000    0.00000    0.00000    0.00000    0.00000    0.00000    0.00000
   26.53363    0.00000    0.00000    0.00000    0.00000    0.00000    0.00000    0.00000
  -42.79768    0.00000    0.00000    0.00000    0.00000    0.00000    0.00000    0.00000
   25.37410    0.00000    0.00000    0.00000    0.00000    0.00000    0.00000    0.00000
  -31.10955    0.00000    0.00000    0.00000    0.00000    0.00000    0.00000    0.00000
   27.31177    0.00000    0.00000    0.00000    0.00000    0.00000    0.00000    0.00000
   -3.26386    0.00000    0.00000    0.00000    0.00000    0.00000    0.00000    0.00000
   -1.81828    0.00000    0.00000    0.00000    0.00000    0.00000    0.00000    0.00000
  -40.71966    0.00000    0.00000    0.00000    0.00000    0.00000    0.00000    0.00000
  -50.01324    0.00000    0.00000    0.00000    0.00000    0.00000    0.00000    0.00000
  -17.41177    0.00000    0.00000    0.00000    0.00000    0.00000    0.00000    0.00000
    3.58819    0.00000    0.00000    0.00000    0.00000    0.00000    0.00000    0.00000
    7.08548    0.00000    0.00000    0.00000    0.00000    0.00000    0.00000    0.00000
   46.28237    0.00000    0.00000    0.00000    0.00000    0.00000    0.00000    0.00000
   14.61229    0.00000    0.00000    0.00000    0.00000    0.00000    0.00000    0.00000

X_poly =

  -1.6747e+01   2.8045e+02   0.0000e+00   0.0000e+00   0.0000e+00   0.0000e+00   0.0000e+00   0.0000e+00
  -1.4577e+01   2.1250e+02   0.0000e+00   0.0000e+00   0.0000e+00   0.0000e+00   0.0000e+00   0.0000e+00
   3.4516e+01   1.1913e+03   0.0000e+00   0.0000e+00   0.0000e+00   0.0000e+00   0.0000e+00   0.0000e+00
  -4.7010e+01   2.2099e+03   0.0000e+00   0.0000e+00   0.0000e+00   0.0000e+00   0.0000e+00   0.0000e+00
   3.6975e+01   1.3672e+03   0.0000e+00   0.0000e+00   0.0000e+00   0.0000e+00   0.0000e+00   0.0000e+00
  -4.0686e+01   1.6554e+03   0.0000e+00   0.0000e+00   0.0000e+00   0.0000e+00   0.0000e+00   0.0000e+00
  -4.4720e+00   1.9999e+01   0.0000e+00   0.0000e+00   0.0000e+00   0.0000e+00   0.0000e+00   0.0000e+00
   2.6534e+01   7.0403e+02   0.0000e+00   0.0000e+00   0.0000e+00   0.0000e+00   0.0000e+00   0.0000e+00
  -4.2798e+01   1.8316e+03   0.0000e+00   0.0000e+00   0.0000e+00   0.0000e+00   0.0000e+00   0.0000e+00
   2.5374e+01   6.4384e+02   0.0000e+00   0.0000e+00   0.0000e+00   0.0000e+00   0.0000e+00   0.0000e+00
  -3.1110e+01   9.6780e+02   0.0000e+00   0.0000e+00   0.0000e+00   0.0000e+00   0.0000e+00   0.0000e+00
   2.7312e+01   7.4593e+02   0.0000e+00   0.0000e+00   0.0000e+00   0.0000e+00   0.0000e+00   0.0000e+00
  -3.2639e+00   1.0653e+01   0.0000e+00   0.0000e+00   0.0000e+00   0.0000e+00   0.0000e+00   0.0000e+00
  -1.8183e+00   3.3061e+00   0.0000e+00   0.0000e+00   0.0000e+00   0.0000e+00   0.0000e+00   0.0000e+00
  -4.0720e+01   1.6581e+03   0.0000e+00   0.0000e+00   0.0000e+00   0.0000e+00   0.0000e+00   0.0000e+00
  -5.0013e+01   2.5013e+03   0.0000e+00   0.0000e+00   0.0000e+00   0.0000e+00   0.0000e+00   0.0000e+00
  -1.7412e+01   3.0317e+02   0.0000e+00   0.0000e+00   0.0000e+00   0.0000e+00   0.0000e+00   0.0000e+00
   3.5882e+00   1.2875e+01   0.0000e+00   0.0000e+00   0.0000e+00   0.0000e+00   0.0000e+00   0.0000e+00
   7.0855e+00   5.0204e+01   0.0000e+00   0.0000e+00   0.0000e+00   0.0000e+00   0.0000e+00   0.0000e+00
   4.6282e+01   2.1421e+03   0.0000e+00   0.0000e+00   0.0000e+00   0.0000e+00   0.0000e+00   0.0000e+00
   1.4612e+01   2.1352e+02   0.0000e+00   0.0000e+00   0.0000e+00   0.0000e+00   0.0000e+00   0.0000e+00

X_poly =

  -1.6747e+01   2.8045e+02  -4.6965e+03   0.0000e+00   0.0000e+00   0.0000e+00   0.0000e+00   0.0000e+00
  -1.4577e+01   2.1250e+02  -3.0978e+03   0.0000e+00   0.0000e+00   0.0000e+00   0.0000e+00   0.0000e+00
   3.4516e+01   1.1913e+03   4.1120e+04   0.0000e+00   0.0000e+00   0.0000e+00   0.0000e+00   0.0000e+00
  -4.7010e+01   2.2099e+03  -1.0389e+05   0.0000e+00   0.0000e+00   0.0000e+00   0.0000e+00   0.0000e+00
   3.6975e+01   1.3672e+03   5.0551e+04   0.0000e+00   0.0000e+00   0.0000e+00   0.0000e+00   0.0000e+00
  -4.0686e+01   1.6554e+03  -6.7350e+04   0.0000e+00   0.0000e+00   0.0000e+00   0.0000e+00   0.0000e+00
  -4.4720e+00   1.9999e+01  -8.9435e+01   0.0000e+00   0.0000e+00   0.0000e+00   0.0000e+00   0.0000e+00
   2.6534e+01   7.0403e+02   1.8681e+04   0.0000e+00   0.0000e+00   0.0000e+00   0.0000e+00   0.0000e+00
  -4.2798e+01   1.8316e+03  -7.8390e+04   0.0000e+00   0.0000e+00   0.0000e+00   0.0000e+00   0.0000e+00
   2.5374e+01   6.4384e+02   1.6337e+04   0.0000e+00   0.0000e+00   0.0000e+00   0.0000e+00   0.0000e+00
  -3.1110e+01   9.6780e+02  -3.0108e+04   0.0000e+00   0.0000e+00   0.0000e+00   0.0000e+00   0.0000e+00
   2.7312e+01   7.4593e+02   2.0373e+04   0.0000e+00   0.0000e+00   0.0000e+00   0.0000e+00   0.0000e+00
  -3.2639e+00   1.0653e+01  -3.4769e+01   0.0000e+00   0.0000e+00   0.0000e+00   0.0000e+00   0.0000e+00
  -1.8183e+00   3.3061e+00  -6.0115e+00   0.0000e+00   0.0000e+00   0.0000e+00   0.0000e+00   0.0000e+00
  -4.0720e+01   1.6581e+03  -6.7517e+04   0.0000e+00   0.0000e+00   0.0000e+00   0.0000e+00   0.0000e+00
  -5.0013e+01   2.5013e+03  -1.2510e+05   0.0000e+00   0.0000e+00   0.0000e+00   0.0000e+00   0.0000e+00
  -1.7412e+01   3.0317e+02  -5.2787e+03   0.0000e+00   0.0000e+00   0.0000e+00   0.0000e+00   0.0000e+00
   3.5882e+00   1.2875e+01   4.6198e+01   0.0000e+00   0.0000e+00   0.0000e+00   0.0000e+00   0.0000e+00
   7.0855e+00   5.0204e+01   3.5572e+02   0.0000e+00   0.0000e+00   0.0000e+00   0.0000e+00   0.0000e+00
   4.6282e+01   2.1421e+03   9.9140e+04   0.0000e+00   0.0000e+00   0.0000e+00   0.0000e+00   0.0000e+00
   1.4612e+01   2.1352e+02   3.1200e+03   0.0000e+00   0.0000e+00   0.0000e+00   0.0000e+00   0.0000e+00

