cost_term_inner =

   1241.136
   1183.538
   1144.536
   1203.055
   1218.806
   1233.697
   1166.918
   1217.903
   1159.369
   1157.370
   1225.034
   1215.159
   1294.900
   1225.611
   1269.323
   1175.709
   1247.330
   1275.795
   1263.800
   1238.652
   1289.733
   1137.171
   1252.115
   1133.948
   1178.990
   1257.143
   1137.975
   1228.807
   1204.495
   1196.484
   1095.944
   1232.071
   1260.073
   1300.477
   1294.519
   1240.131
   1289.912
   1294.346
   1261.804
   1317.478
   1258.880
   1305.248
   1159.126
   1231.701
   1274.147
   1232.506
   1312.341
   1292.069
   1282.118
   1197.341
   1275.530
   1257.567
   1248.846
   1074.292
   1117.602
   1300.654
   1072.750
   1198.569
   1171.775
   1226.519
   1228.466
   1277.744
   1195.732
   1194.270
   1261.669
   1049.388
   1091.738
   1283.530
   1243.548
   1239.205
   1251.821
   1099.189
   1275.284
   1279.858
   1165.070
   1155.994
   1266.921
   1317.476
   1277.789
   1266.871
   1173.620
   1221.143
   1275.909
   1287.389
   1149.109
   1216.607
   1113.020
   1103.326
   1265.778
   1090.440
   1282.799
   1206.937
   1111.542
   1156.989
   1144.639
   1245.172
   1166.755
   1140.835
   1169.777
   1244.820
   1142.400
   1117.536
   1233.656
   1165.029
   1159.585
   1216.866
   1245.285
   1268.968
   1264.461
   1237.921
   1277.950
   1195.981
   1047.068
   1209.024
   1149.442
   1311.779
   1188.043
   1227.150
   1254.233
   1168.716
   1166.478
   1091.367
   1182.885
   1182.866
   1130.018
   1274.622
   1251.609
   1275.545
   1300.871
   1104.880
   1249.117
   1074.444
   1249.080
   1079.287
   1174.539
   1057.339
   1256.842
   1239.825
   1218.123
   1279.205
   1258.408
   1309.995
    981.346
   1280.579
   1226.025
   1232.728
   1133.837
   1204.810
   1214.462
   1145.402
   1101.251
   1268.345
   1163.890
   1272.731
   1205.442
   1182.957
   1310.489
   1313.361
   1220.676
   1296.205
   1293.957
   1203.500
   1267.699
   1302.021
   1215.126
   1168.046
   1244.799
   1250.892
   1322.377
   1267.705
   1262.750
   1162.807
   1301.441
   1263.875
   1287.838
   1260.889
   1226.577
   1189.454
   1270.251
   1288.944
   1159.304
   1291.093
   1130.789
   1278.495
   1293.215
   1174.797
   1170.367
   1253.710
   1286.461
   1270.203
   1307.489
   1292.065
   1298.396
   1271.880
   1249.161
   1247.874
   1152.270
   1281.335
   1268.854
   1289.830
   1192.950
   1243.869
   1246.868
   1151.185
   1282.521
   1287.592
   1282.558
   1113.258
   1110.430
   1204.842
   1164.772
   1278.348
   1266.120
   1251.846
   1106.793
   1267.771
   1114.940
   1220.330
   1218.950
   1316.139
   1149.662
   1165.368
   1294.469
   1275.839
   1295.676
   1279.270
   1252.205
   1317.086
   1119.436
   1194.788
   1212.651
   1310.554
   1290.042
   1288.667
   1232.144
   1280.772
   1180.183
   1139.593
   1165.467
   1215.330
   1302.250
   1185.584
   1148.866
   1251.857
   1200.077
   1261.574
   1169.871
   1264.103
   1189.399
   1290.966
   1247.140
   1293.847
   1279.480
   1257.738
   1221.546
   1293.856
   1166.861
   1107.643
   1264.242
   1184.644
   1255.270
    987.775
   1229.694
   1209.520
   1277.165
   1073.319
   1248.776
   1137.964
   1283.978
   1224.134
   1281.851
   1221.475
   1205.543
   1234.807
   1221.814
   1118.265
   1225.275
   1272.794
   1295.978
   1279.789
   1213.141
   1199.438
   1126.301
   1255.658
   1268.300
   1127.981
   1266.809
   1245.096
   1279.783
   1215.507
   1292.730
   1322.474
   1168.317
   1216.274
   1173.722
   1192.991
   1235.248
   1282.477
   1267.709
   1283.107
   1277.286
   1214.683
   1248.550
   1296.407
   1267.203
   1177.738
   1151.323
   1083.504
   1275.483
   1239.444
   1269.725
   1210.943
   1314.652
   1250.597
   1279.758
   1220.116
   1080.647
   1191.921
   1230.802
   1235.951
   1139.039
   1292.938
   1202.350
   1226.156
   1303.922
   1255.438
   1195.345
   1171.985
   1151.293
   1116.372
   1159.806
   1260.147
   1257.129
   1219.169
   1235.349
   1310.065
   1186.339
   1249.811
   1316.731
   1253.792
   1277.729
   1218.500
   1218.293
   1257.140
   1215.607
   1278.471
   1223.413
   1263.165
   1222.132
   1130.106
   1236.299
   1063.917
   1082.039
   1243.394
   1278.269
   1279.905
   1173.875
   1196.052
   1253.033
   1265.000
   1261.167
   1273.811
   1185.177
   1182.040
   1244.123
   1226.101
   1199.538
   1115.816
   1289.784
   1273.117
   1141.252
   1161.862
   1217.184
   1205.397
   1239.427
   1241.696
   1249.877
   1203.382
   1274.921
   1293.081
   1226.192
   1207.015
   1253.103
   1236.692
   1297.400
   1241.962
   1324.380
   1288.027
   1118.336
   1209.773
   1195.566
   1321.116
   1027.083
   1213.809
   1281.582
   1285.597
   1133.826
   1294.819
   1265.931
   1236.958
   1235.317
   1103.090
   1281.538
   1120.919
   1243.863
   1119.467
   1212.251
   1234.320
   1112.169
   1237.137
   1179.730
   1228.443
   1164.020
   1116.046
   1249.829
   1252.152
   1267.037
   1285.460
   1283.887
   1236.602
   1267.993
   1163.250
   1235.759
   1259.729
   1218.901
   1285.559
   1072.656
   1190.480
   1160.049
   1292.162
   1278.260
   1242.090
   1212.203
   1323.046
   1247.256
   1299.153
   1308.171
   1183.502
   1318.830
   1241.933
   1242.888
   1158.085
   1309.524
   1242.021
   1312.533
   1262.745
   1204.174
   1295.089
   1266.890
   1238.285
   1169.066
   1194.307
   1158.820
   1085.393
   1280.576
   1325.199
   1133.482
   1229.558
   1211.055
   1137.853
   1113.488
   1145.958
   1217.888
   1261.497
   1322.526
   1219.528
   1215.308
   1237.962
   1216.089
   1263.671
   1184.939
   1103.284
   1269.573
   1271.766
   1294.819
   1246.708
   1292.522
   1316.075
   1186.086
   1308.445
   1209.771
   1330.167
   1270.896
   1213.544
   1075.981
   1309.573
   1178.378
   1265.194
   1021.519
   1293.763
   1282.716
   1239.155
   1330.338
   1262.020
   1312.027
   1240.526
   1209.801
   1266.962
   1145.635
   1173.872
     58.249
     54.442
     54.077
     54.984
     57.876
     47.911
     55.860
     57.328
     57.150
     51.571
     55.114
     57.121
     55.815
     53.547
     54.890
     52.647
     55.788
     54.747
     55.590
     54.105
     55.536
     49.304
     55.404
     54.970
     56.954
     55.256
     53.240
     56.888
     56.629
     56.090
     55.831
     56.977
     55.108
     53.217
     55.091
     55.829
     52.470
     53.707
     54.606
     55.859
     55.872
     57.972
     57.474
     57.885
     57.117
     57.920
     53.526
     55.073
     54.430
     52.211
     57.223
     54.757
     53.782
     55.525
     55.912
     56.794
     56.251
     55.572
     54.791
     57.584
     53.331
     49.138
     56.471
     55.069
     51.815
     54.992
     56.446
     55.444
     53.043
     51.505
     55.240
     54.265
     54.046
     57.040
     55.299
     56.248
     57.961
     54.708
     58.001
     50.569
     56.668
     55.115
     56.395
     55.377
     54.929
     59.321
     54.458
     55.192
     57.247
     57.174
     55.163
     57.902
     52.298
     58.275
     56.153
     56.754
     55.078
     55.404
     56.312
     56.791
     55.670
     55.697
     54.751
     49.961
     58.348
     57.706
     58.673
     58.173
     55.118
     56.585
     58.055
     57.302
     56.937
     52.215
     53.399
     56.309
     53.755
     55.534
     53.836
     55.359
     52.874
     53.561
     57.718
     54.981
     54.857
     53.909
     55.493
     50.512
     52.711
     55.107
     57.164
     54.950
     55.356
     55.217
     52.268
     55.021
     55.011
     48.040
     54.407
     55.296
     55.589
     54.058
     57.311
     55.399
     55.452
     55.811
     55.292
     53.230
     52.990
     54.653
     54.659
     55.839
     52.974
     53.748
     56.021
     53.745
     55.289
     55.975
     54.742
     51.518
     55.917
     55.081
     57.159
     57.526
     55.938
